// Krait: One for All (with Subsistence or Stats for All)
https://destinytracker.com/destiny-2/db/items/2852052802-krait?perks=878286503,839105230,1968497646,1820235745,4049631843,4248210736,2323986101,518224747,3988215619,2285418970,0,0,1961918267
https://destinytracker.com/destiny-2/db/items/2852052802-krait?perks=878286503,839105230,1968497646,1583705720,4049631843,4248210736,2323986101,518224747,3988215619,2285418970,0,0,1961918267
https://destinytracker.com/destiny-2/db/items/2852052802-krait?perks=878286503,839105230,1087426260,1820235745,4049631843,4248210736,2323986101,518224747,3988215619,2285418970,0,0,1961918267
https://destinytracker.com/destiny-2/db/items/2852052802-krait?perks=878286503,839105230,1087426260,1583705720,4049631843,4248210736,2323986101,518224747,3988215619,2285418970,0,0,1961918267

// Krait: Headstone (with Overflow or Stats for All)
https://destinytracker.com/destiny-2/db/items/2852052802-krait?perks=878286503,839105230,1968497646,3643424744,124408337,4248210736,2323986101,518224747,3988215619,2285418970,0,0,1961918267
https://destinytracker.com/destiny-2/db/items/2852052802-krait?perks=878286503,839105230,1968497646,1820235745,124408337,4248210736,2323986101,518224747,3988215619,2285418970,0,0,1961918267
https://destinytracker.com/destiny-2/db/items/2852052802-krait?perks=878286503,839105230,1885400500,3643424744,124408337,4248210736,2323986101,518224747,3988215619,2285418970,0,0,1961918267
https://destinytracker.com/destiny-2/db/items/2852052802-krait?perks=878286503,839105230,1885400500,1820235745,124408337,4248210736,2323986101,518224747,3988215619,2285418970,0,0,1961918267

// Sweet Sorrow: One for All (with Stats for All or Triple Tap or Perpetual Motion)
// With Accurized Rounds
https://destinytracker.com/destiny-2/db/items/1248372789-sweet-sorrow?perks=878286503,839105230,3142289711,1409206216,859780267,4248210736,2323986101,518224747,1536798515,905869860,0,2909846572,1961918267
https://destinytracker.com/destiny-2/db/items/1248372789-sweet-sorrow?perks=878286503,839105230,3142289711,2014892510,859780267,4248210736,2323986101,518224747,1536798515,905869860,0,2909846572,1961918267
https://destinytracker.com/destiny-2/db/items/1248372789-sweet-sorrow?perks=878286503,839105230,3142289711,1409206216,859780267,4248210736,2323986101,518224747,1536798515,905869860,0,2909846572,1961918267
https://destinytracker.com/destiny-2/db/items/1248372789-sweet-sorrow?perks=878286503,839105230,3142289711,1583705720,4049631843,4248210736,2323986101,518224747,1536798515,905869860,0,2909846572,1961918267
https://destinytracker.com/destiny-2/db/items/1248372789-sweet-sorrow?perks=878286503,839105230,3142289711,3400784728,4049631843,4248210736,2323986101,518224747,1536798515,905869860,0,2909846572,1961918267
// With Tactical Mag
https://destinytracker.com/destiny-2/db/items/1248372789-sweet-sorrow?perks=878286503,839105230,106909392,1409206216,859780267,4248210736,2323986101,518224747,1536798515,905869860,0,2909846572,1961918267
https://destinytracker.com/destiny-2/db/items/1248372789-sweet-sorrow?perks=878286503,839105230,106909392,2014892510,859780267,4248210736,2323986101,518224747,1536798515,905869860,0,2909846572,1961918267
https://destinytracker.com/destiny-2/db/items/1248372789-sweet-sorrow?perks=878286503,839105230,106909392,1409206216,859780267,4248210736,2323986101,518224747,1536798515,905869860,0,2909846572,1961918267
https://destinytracker.com/destiny-2/db/items/1248372789-sweet-sorrow?perks=878286503,839105230,106909392,1583705720,4049631843,4248210736,2323986101,518224747,1536798515,905869860,0,2909846572,1961918267
https://destinytracker.com/destiny-2/db/items/1248372789-sweet-sorrow?perks=878286503,839105230,106909392,3400784728,4049631843,4248210736,2323986101,518224747,1536798515,905869860,0,2909846572,1961918267

// Duty Bound: Frenzy (with Perpetual Motion)
https://destinytracker.com/destiny-2/db/items/435216110-duty-bound?perks=1294026524,839105230,106909392,1428297954,4104185692,4248210736,2323986101,4283235143,744217850,2285418970,0,0,1961918267
https://destinytracker.com/destiny-2/db/items/435216110-duty-bound?perks=1294026524,839105230,3142289711,1428297954,4104185692,4248210736,2323986101,4283235143,744217850,2285418970,0,0,1961918267
https://destinytracker.com/destiny-2/db/items/435216110-duty-bound?perks=1294026524,839105230,1431678320,1428297954,4104185692,4248210736,2323986101,4283235143,744217850,2285418970,0,0,1961918267
https://destinytracker.com/destiny-2/db/items/1135050595-duty-bound-adept?perks=1294026524,839105230,106909392,1428297954,4104185692,4248210736,2323986101,4283235143,744217850,2285418970,0,0,1961918267
https://destinytracker.com/destiny-2/db/items/1135050595-duty-bound-adept?perks=1294026524,839105230,3142289711,1428297954,4104185692,4248210736,2323986101,4283235143,744217850,2285418970,0,0,1961918267
https://destinytracker.com/destiny-2/db/items/1135050595-duty-bound-adept?perks=1294026524,839105230,1431678320,1428297954,4104185692,4248210736,2323986101,4283235143,744217850,2285418970,0,0,1961918267

// Redback 5si (with One for All)
https://destinytracker.com/destiny-2/db/items/1687353095-redback-5si?perks=1458010786,1467527085,3142289711,1583705720,4049631843,4248210736,2323986101,4283235143,3988215619,2285418970,0,0,1961918267
https://destinytracker.com/destiny-2/db/items/1687353095-redback-5si?perks=1458010786,1467527085,3142289711,2946784966,4049631843,4248210736,2323986101,4283235143,3988215619,2285418970,0,0,1961918267
https://destinytracker.com/destiny-2/db/items/1687353095-redback-5si?perks=1458010786,1467527085,3142289711,1820235745,4049631843,4248210736,2323986101,4283235143,3988215619,2285418970,0,0,1961918267

// Redback 5si (Rampage)
https://destinytracker.com/destiny-2/db/items/1687353095-redback-5si?perks=1458010786,1467527085,3142289711,1820235745,3425386926,4248210736,2323986101,4283235143,3988215619,2285418970,0,0,1961918267
https://destinytracker.com/destiny-2/db/items/1687353095-redback-5si?perks=1458010786,1467527085,3142289711,2946784966,3425386926,4248210736,2323986101,4283235143,3988215619,2285418970,0,0,1961918267

// Redback 5si (Surrounded)
https://destinytracker.com/destiny-2/db/items/1687353095-redback-5si?perks=1458010786,1467527085,3142289711,1428297954,3708227201,4248210736,2323986101,4283235143,3988215619,2285418970,0,0,1961918267
https://destinytracker.com/destiny-2/db/items/1687353095-redback-5si?perks=1458010786,1467527085,3142289711,1820235745,3708227201,4248210736,2323986101,4283235143,3988215619,2285418970,0,0,1961918267
https://destinytracker.com/destiny-2/db/items/1687353095-redback-5si?perks=1458010786,1467527085,3142289711,2946784966,3708227201,4248210736,2323986101,4283235143,3988215619,2285418970,0,0,1961918267

// Funnelweb (Frenzy)
https://destinytracker.com/destiny-2/db/items/3341893443-funnelweb?perks=1458010786,1482024992,3142289711,1820235745,4104185692,4248210736,2323986101,518224747,3988215619,2285418970,0,0,1961918267
https://destinytracker.com/destiny-2/db/items/3341893443-funnelweb?perks=1458010786,3250034553,3142289711,1820235745,4104185692,4248210736,2323986101,518224747,3988215619,2285418970,0,0,1961918267
https://destinytracker.com/destiny-2/db/items/3341893443-funnelweb?perks=1458010786,1482024992,3142289711,1428297954,4104185692,4248210736,2323986101,518224747,3988215619,2285418970,0,0,1961918267
https://destinytracker.com/destiny-2/db/items/3341893443-funnelweb?perks=1458010786,3250034553,3142289711,1428297954,4104185692,4248210736,2323986101,518224747,3988215619,2285418970,0,0,1961918267

// Funnelweb (Focused Fire)
https://destinytracker.com/destiny-2/db/items/3341893443-funnelweb?perks=1458010786,1482024992,1087426260,1820235745,2896038713,4248210736,2323986101,518224747,3988215619,2285418970,0,0,1961918267
https://destinytracker.com/destiny-2/db/items/3341893443-funnelweb?perks=1458010786,3250034553,1087426260,1820235745,2896038713,4248210736,2323986101,518224747,3988215619,2285418970,0,0,1961918267

// Funnelweb (Adrenaline Junkie)
https://destinytracker.com/destiny-2/db/items/3341893443-funnelweb?perks=1458010786,1482024992,3142289711,1820235745,11612903,4248210736,2323986101,518224747,3988215619,2285418970,0,0,1961918267
https://destinytracker.com/destiny-2/db/items/3341893443-funnelweb?perks=1458010786,3250034553,3142289711,1820235745,11612903,4248210736,2323986101,518224747,3988215619,2285418970,0,0,1961918267
https://destinytracker.com/destiny-2/db/items/3341893443-funnelweb?perks=1458010786,1482024992,3142289711,1428297954,11612903,4248210736,2323986101,518224747,3988215619,2285418970,0,0,1961918267
https://destinytracker.com/destiny-2/db/items/3341893443-funnelweb?perks=1458010786,3250034553,3142289711,1428297954,11612903,4248210736,2323986101,518224747,3988215619,2285418970,0,0,1961918267

// Under your Skin (Archer's Tempo, Successful Warmup)
https://destinytracker.com/destiny-2/db/items/232928045-under-your-skin?perks=715195141,852209214,3827198035,201365942,2652708987,4248210736,2323986101,1590375901,1536798515,905869860,0,2909846572,1961918267
https://destinytracker.com/destiny-2/db/items/232928045-under-your-skin?perks=715195141,852209214,3311977193,201365942,2652708987,4248210736,2323986101,1590375901,1536798515,905869860,0,2909846572,1961918267
https://destinytracker.com/destiny-2/db/items/232928045-under-your-skin?perks=715195141,852209214,3429800428,201365942,2652708987,4248210736,2323986101,1590375901,1536798515,905869860,0,2909846572,1961918267
https://destinytracker.com/destiny-2/db/items/232928045-under-your-skin?perks=715195141,852209214,3827198035,3523746922,617966211,4248210736,2323986101,1590375901,1536798515,905869860,0,2909846572,1961918267
https://destinytracker.com/destiny-2/db/items/232928045-under-your-skin?perks=715195141,852209214,3311977193,3523746922,617966211,4248210736,2323986101,1590375901,1536798515,905869860,0,2909846572,1961918267

// Under your Skin (Archer's Tempo, Adaptive Munitions)
https://destinytracker.com/destiny-2/db/items/232928045-under-your-skin?perks=715195141,852209214,3827198035,201365942,1048183818,4248210736,2323986101,1590375901,1536798515,905869860,0,2909846572,1961918267
https://destinytracker.com/destiny-2/db/items/232928045-under-your-skin?perks=715195141,852209214,3311977193,201365942,1048183818,4248210736,2323986101,1590375901,1536798515,905869860,0,2909846572,1961918267
https://destinytracker.com/destiny-2/db/items/232928045-under-your-skin?perks=715195141,852209214,3429800428,201365942,1048183818,4248210736,2323986101,1590375901,1536798515,905869860,0,2909846572,1961918267
https://destinytracker.com/destiny-2/db/items/232928045-under-your-skin?perks=715195141,852209214,3827198035,3523746922,3431277734,4248210736,2323986101,1590375901,1536798515,905869860,0,2909846572,1961918267
https://destinytracker.com/destiny-2/db/items/232928045-under-your-skin?perks=715195141,852209214,3311977193,3523746922,3431277734,4248210736,2323986101,1590375901,1536798515,905869860,0,2909846572,1961918267

// Under your Skin (Archer's Temp, Opening Shot)
https://destinytracker.com/destiny-2/db/items/232928045-under-your-skin?perks=715195141,852209214,3827198035,201365942,47981717,4248210736,2323986101,1590375901,1536798515,905869860,0,2909846572,1961918267
https://destinytracker.com/destiny-2/db/items/232928045-under-your-skin?perks=715195141,852209214,3311977193,201365942,47981717,4248210736,2323986101,1590375901,1536798515,905869860,0,2909846572,1961918267
https://destinytracker.com/destiny-2/db/items/232928045-under-your-skin?perks=715195141,852209214,3429800428,201365942,47981717,4248210736,2323986101,1590375901,1536798515,905869860,0,2909846572,1961918267

// Under your Skin (Tunnel Vision, Successful Warmup)
https://destinytracker.com/destiny-2/db/items/232928045-under-your-skin?perks=715195141,852209214,3827198035,987673306,617966211,4248210736,2323986101,1590375901,1536798515,905869860,0,2909846572,1961918267
https://destinytracker.com/destiny-2/db/items/232928045-under-your-skin?perks=715195141,852209214,3311977193,987673306,617966211,4248210736,2323986101,1590375901,1536798515,905869860,0,2909846572,1961918267
https://destinytracker.com/destiny-2/db/items/232928045-under-your-skin?perks=715195141,852209214,3429800428,987673306,617966211,4248210736,2323986101,1590375901,1536798515,905869860,0,2909846572,1961918267
https://destinytracker.com/destiny-2/db/items/232928045-under-your-skin?perks=715195141,852209214,3827198035,2946784966,2652708987,4248210736,2323986101,1590375901,1536798515,905869860,0,2909846572,1961918267
https://destinytracker.com/destiny-2/db/items/232928045-under-your-skin?perks=715195141,852209214,3311977193,2946784966,2652708987,4248210736,2323986101,1590375901,1536798515,905869860,0,2909846572,1961918267
https://destinytracker.com/destiny-2/db/items/232928045-under-your-skin?perks=715195141,852209214,3429800428,2946784966,2652708987,4248210736,2323986101,1590375901,1536798515,905869860,0,2909846572,1961918267
